1039 186
510163 63698397
140915 63787042
83749 41255244
107427 54397878
217891 77464955
74982 61877992
545227 70740992
478691 8081012
800962 13193308
676929 79527651
997898 22951403
662123 59419337
67594 61644274
453072 46764215
991755 7827836
507149 52729934
256661 55883935
688874 42435730
363232 3947552
358296 99950916
713163 3371152
244169 55847589
427059 90921573
756347 7595331
147893 33676631
216575 13019243
122673 14108697
724589 27558905
942745 95145336
381908 62959024
436093 95323926
310148 12992229
462848 82288427
9781 14389871
888908 56167177
34998 77535716
356898 73264912
844573 42826974
67241 34107594
769916 15675398
522579 84348771
893008 39984231
996466 35609615
267514 49565575
805623 25841095
824246 11402670
455151 90345870
473838 93521099
533349 29410264
36332 33364150
173929 30951471
36875 42532073
190691 79519401
386436 80930022
459487 47517808
471375 84408991
142102 97408502
619318 5241740
262552 86745750
30653 15620108
866986 26961348
548700 74134403
973499 66211092
265062 80090334
154901 73462466
572176 91529117
353106 92222677
168538 65143581
509143 61578931
173117 33757701
623686 61833382
473397 42051647
523428 15776966
636443 72546394
545576 78929385
671988 41323240
277629 3807085
216811 19360170
141873 51174976
988254 33549139
737554 6462258
525162 13518855
449183 63850222
271912 17713704
475489 81070345
717586 56279363
43129 52641243
293136 28157164
232331 85597993
722150 83243237
961606 6656664
231476 15954967
905175 30403421
665841 62725898
979767 2332909
970708 87359338
996910 97013073
649394 44119065
137544 49331814
712327 29815743
953591 11825407
206644 77282083
191500 55028924
431218 89442480
543505 8905993
718717 38118852
469243 5471694
418232 48492596
630821 28963049
784702 35414392
94040 57579052
500459 33821550
238592 8828651
979149 57806678
628967 52127032
939840 2740683
807881 41320898
416757 28864165
751313 15347069
586899 31743129
975385 55919853
121777 32193385
763831 32460790
193208 47961229
696041 335499
669405 84563787
52144 7459006
492682 83564945
198807 5523067
141598 21869608
717868 2640134
542334 66886986
932371 14188777
131967 34547388
295463 69801702
749117 28387161
852723 64221602
366121 79046496
840448 17841711
904736 16796568
122640 25558514
211764 43104099
699147 60694081
975575 98370266
159561 85438012
256051 77023943
813036 36310188
314945 52561391
219938 75016036
253128 78317707
583184 38897629
736782 59432274
31751 61647160
100613 76266853
256968 86677145
786536 19635799
739501 35323866
586983 5758439
625005 37661752
325900 22310307
97666 38023866
661721 99577783
469847 80810132
394210 23887730
589892 85527274
209235 87966329
58687 45368944
926542 88722418
846642 21289970
494766 30671322
967958 46773938
720437 35509937
691945 75092698
195743 18306282
989136 84942184
710651 55331839
423727 19155976
830538 41649005
577178 83955041
526331 4328874
368822 31697112
418325 37392848
85927 63476790
421521 89909733
973245 53227508
80523 85112190
598819 36112603
442929 83177734
802276 60590450
223205 95869288
873871 33063646
843013 67056033
713952 63932802
684886 13523602
672972 64598320
323929 98211593
515341 85573794
437510 63353543
72695 13898882
609446 26796615
897039 24462961
732458 59275937
528983 35271099
235114 2310345
471754 75345938
138280 60416089
320423 26639823
692519 69226330
218864 45747435
224652 9011803
127821 96613355
423926 44235796
245958 87867408
49598 86873594
158705 68515206
195473 57754498
172681 9927748
163611 93753862
271351 58495238
591098 62955756
405180 54136626
157665 20722751
897249 66409587
471193 32625706
73571 39679876
471013 47837441
110007 1336832
892431 11330882
657120 61631934
528754 1381253
151013 91366893
657529 80725141
723093 97406455
208557 6727452
70965 64729267
724120 64869210
250257 65006654
309722 54677921
125145 28636830
740849 69607779
172288 67171658
64557 41229568
556839 71251436
942065 46673322
969063 16658434
222261 76755889
742958 99422202
861634 17650563
474101 39699096
538588 79851677
950942 76938957
624578 77003648
889363 32369450
543982 81217461
651354 15184639
923040 6521512
386082 75372620
252828 86158106
690648 83357302
453952 10006869
422096 25700561
509735 45697168
954518 98495979
630930 58093768
720497 62573859
960585 29233359
193856 42776588
954754 71309251
185569 72455296
741570 69225538
302005 71443444
838748 81186599
979811 90242072
559352 9185663
502545 56556808
521449 15116716
373818 98082084
398857 48988496
705209 84664632
651528 21956168
79399 47062503
903987 29676795
570020 58543808
39503 9610775
517676 61127962
69808 96196143
43576 89322257
409340 85099275
634333 2751864
594265 90894453
29148 86842996
827692 59663141
697265 80066305
847916 33139221
74235 25769427
103978 41416505
386023 67395401
250779 67970235
941012 2791740
757754 32534151
732271 42167747
341868 75823956
185346 38940078
721099 37653199
14835 63929249
414760 20360464
185627 26479084
676886 43580651
681632 7048520
837231 78550022
304753 23649986
297300 68783668
972634 9916029
553589 45863096
564711 45649500
47142 10388567
375814 11157163
265385 70541904
947099 73360876
750749 91339603
74219 80640105
989734 25763735
117432 20942997
772538 42443493
290658 80781180
299603 57590783
543561 67416216
187084 52366139
174624 29009387
464640 33459774
727193 19635556
730646 56522099
301529 92941599
922707 67124147
56663 11598571
704233 32201629
913908 69401344
162323 76834652
296768 98339640
567543 11452668
34288 79528260
45881 41876060
384525 4906433
341106 29315057
177776 91299239
38290 72299866
513214 53532894
154331 60700562
67366 85792847
501294 82670043
99647 56227391
887435 8609295
479735 69343734
835260 16672858
607014 99699175
970273 86477626
922370 81592933
386 85815538
187556 92029982
194536 49012207
713588 9872946
579409 33299224
316641 74702334
766556 25720019
115003 78972905
446861 58565116
137971 17384489
447341 92630414
184771 75675275
264275 3955893
925729 71420912
143784 90716837
499541 39341548
75725 30543650
490661 67123310
549504 49500901
894399 29741800
825259 24587151
136172 99890008
301344 74803979
329962 16392051
992049 34307931
454935 99180492
653671 3682700
537734 56601745
255041 54369400
588786 3377299
905947 66769029
695810 53967802
824850 64270509
719254 46789108
775694 88039619
871522 81969251
99416 12553655
667331 43180769
643988 27694262
877797 40956693
278070 24344739
684066 86376620
832639 61881707
608764 31142464
73018 77041748
7292 68937618
509358 41834429
398144 96105101
749999 78174091
540755 14649156
798849 32342930
840589 41615759
762004 68007245
944018 50562585
391830 91100814
36320 98109796
596426 32493258
521001 68716501
216228 93864442
200737 78816567
626661 52225069
758083 48280034
988585 39254212
289517 62868707
284421 31822092
493865 26378620
806295 85788604
741501 64224484
135906 4451993
903137 90130597
930121 68299194
345608 54427520
196076 96804056
698235 72535136
380448 70235166
998721 40725509
218322 22539041
921683 11241332
38233 55398444
974922 18333725
776904 45539637
56937 53651959
182008 45849748
138709 7851478
434575 93865855
769920 7637228
228743 14995188
555499 37408450
681199 23634097
127400 52180103
858125 13956304
91230 91038539
695361 74507191
226006 30352638
653055 70664478
744966 88882050
916722 22788963
263790 37674847
814588 59918442
934096 42100518
562701 83426321
679756 19260249
264319 86928051
323949 19035676
367688 36612187
524854 88911604
251111 61927158
343198 46811917
545259 73573568
218523 28120415
593048 57378467
367087 57565408
497231 21626831
248964 56559110
650357 35119898
896844 5492984
430635 46828159
991515 9004073
54226 18689817
501591 63467563
871590 29029694
878296 50565431
980803 83317069
758429 82130478
350883 69199054
320752 93082464
96442 37262424
728770 86071971
439917 76622798
545902 83206070
713567 5516726
76261 77418218
768959 95992760
593086 41819419
382415 63812139
605875 65267850
231875 1397077
682513 3569604
901383 74887246
240137 39849547
274194 72881987
377869 57433505
781452 66988387
474946 71221905
735352 77421254
845287 8990517
839457 39258946
15650 71736320
899598 81258743
667811 5166736
377724 50130001
458619 65769303
952973 87966638
300179 48155034
272407 28053639
887871 24867406
658437 44207436
515904 35806596
544368 83032642
162011 25850057
958437 61349806
573053 27856692
158823 32184308
777114 21178426
518409 96555267
126134 98060236
37611 65726855
367542 11244017
765109 62835089
60124 79299945
638936 24384550
583072 14103383
74846 71597219
836608 81728923
661970 30360265
741633 42932097
33916 83114117
593645 53487556
555842 64309880
581726 57838483
110265 40248252
659901 29311255
231570 79510480
633682 41474057
757875 52244167
286873 83967982
390868 4192639
374473 72923408
252328 77084335
328099 36550588
791120 66322857
168480 74996032
840057 50173199
745608 42899254
873268 49791401
664796 93113797
864508 78703544
57976 60586917
344844 89644093
78277 35846690
547366 17528761
954190 55824592
999892 68978327
210088 25309731
602084 8258067
544379 68907788
809548 64884389
786017 19812031
505873 86475964
648842 57164214
872502 87297385
78462 35605270
301653 8891592
281240 4336771
480729 92183725
579603 57813872
650901 6458630
55175 1855632
486121 83555982
187424 26352126
663363 28562925
924563 61551255
599643 15280128
169136 75731025
602004 32991103
895129 79226461
693533 15202912
350949 52617917
509650 35470324
223992 19174326
882405 88005315
108512 24410039
526739 84075984
939078 36309471
415011 12275874
656961 97670941
713926 66709104
533262 11966908
428494 63783678
236467 58114190
93597 90466932
425810 59258702
731970 53879746
84789 12341989
186709 27854735
411064 92898264
912092 76886271
524808 70076019
127443 24574894
918983 99237269
849822 38229505
703331 53321329
802120 71509729
466058 7161856
482835 45438382
385069 92594671
842238 3070199
187281 10990657
913025 39040560
983960 31384052
37526 90450670
145635 6501890
973952 75521514
423654 36019700
64236 39112735
237416 92375460
385269 73410364
874781 92369230
879772 15293655
562812 63602892
545291 34435477
631715 14337048
167236 17040849
49397 40444443
479630 37901634
136681 78785481
297347 70743873
884272 77191706
499646 97816821
382960 5942970
876164 25392620
262964 73887435
718403 99744713
613946 61062083
587565 24538844
318273 6098489
795306 53904162
210165 93216715
627166 92421718
899108 60111834
140536 65094843
986456 25554584
378605 82529006
167523 39152911
549300 54004711
637204 9414993
963823 29199599
458298 9149950
442016 37363401
352769 9779802
58929 79076461
219390 62440657
510289 83774484
591215 59371604
726364 90171377
742971 76879726
814268 74256671
171682 35906511
531990 75957095
128438 91228257
22733 23369056
681257 68795841
309391 13731994
393526 94929488
53099 43262306
630650 82527693
248548 69266275
185481 48336985
997072 5096791
642605 99350158
223123 41250421
941648 49438474
210355 2843359
31035 90075381
410784 9381219
859654 25718844
437014 56722449
397820 79596982
776170 31638920
194026 73474024
249744 33966412
918970 63019512
681350 5752124
99718 8756562
110126 71109294
860115 81556947
938731 23865095
797321 67684945
376993 49175994
374740 64269018
270293 84465404
521669 42432684
929970 20821341
611594 7030366
802843 68740730
238394 4875119
638350 61813585
673506 63080599
680406 92343299
837282 59238183
757479 36298161
167547 2839253
134467 51304213
539523 77159513
72043 57805054
301875 98364599
720935 6518266
260966 2924832
748005 64778057
324613 54106801
749689 30532216
763868 44699027
889542 24250788
84137 93512702
581986 161520
990467 81433384
248905 74467876
392049 98129248
551814 52671550
573236 73864914
974186 24511409
143190 3512657
330131 87947461
677474 34898548
354698 64167998
310313 6879839
656836 99775900
348068 77622664
287344 49962765
590691 41115948
854788 58354310
676228 7432401
480712 99078537
762032 74999220
429472 726533
962742 77118722
240507 52828503
344949 32496847
540868 16605674
340037 48349256
670315 46495635
891333 19279778
553639 43634623
305941 61171951
483506 50523940
350754 69476310
781809 33488622
418781 51693665
19716 55346947
335143 33172952
791384 83460528
930814 93986617
331297 91865880
990774 5337158
286346 30465330
283302 7765999
786369 67209187
223625 42341047
786575 48640046
508739 19945422
561757 48218282
846763 42782102
703683 24972592
719218 98993672
319164 25277881
378525 11216001
615763 58404957
996897 79515890
400990 25464435
591734 35425111
85047 60159759
563758 75509331
327827 87272643
453833 97965287
669874 22335501
312134 94200044
419699 28955792
855823 7342525
755391 56262062
420869 90407645
175347 7930339
915330 27039967
300606 58457844
869401 28574875
562052 45268343
366073 70332126
884277 19699358
627859 28267949
900401 89370280
138256 34380359
923920 22488653
656747 2363961
530630 76161087
756220 12727658
914077 57392789
177024 94340658
913339 25881433
472919 51485452
376777 30142602
454682 31992743
911902 98878329
844452 48233422
544501 66509041
335891 34766595
484751 56077364
54667 52850226
954887 78925711
808906 39162564
870088 62462581
626766 28344283
880959 41808990
121713 52264432
3123 78791512
838319 31586962
991461 80122035
481439 25904863
363219 50490103
777979 58462586
865319 72121246
453541 63132605
107414 88378027
818995 91630660
742043 11969999
227584 28047927
551587 55751646
455319 13914106
494640 58517406
939806 50956205
200876 55275965
959497 87598706
787308 92165650
885299 49706800
479648 23073506
513740 5159975
16749 72227543
669668 94915552
321118 70792754
204926 45369747
584986 99911566
220957 52525351
434115 43382393
208892 24122906
458626 21824420
68870 21353878
154614 38919422
535617 30920823
864636 31434660
519822 42012008
508953 21726877
682973 56273291
716865 16280884
381605 56497906
946427 87382154
811089 67050655
723237 43478953
333527 92418330
281067 64198033
592266 64393522
117070 6850450
698674 67585816
976189 3569217
558589 59791052
221581 10617237
863203 9731424
796648 13067062
939830 94724006
89477 26540436
10212 74423681
891430 46370566
104923 9961078
659115 24420272
689229 86342959
915292 443518
710570 23841164
730171 98801567
816990 42356245
977387 97169745
473788 83483978
182861 71062611
569676 89425026
583854 31773409
556492 77981262
262767 25300777
376353 82813347
155910 76113933
357643 11274921
987556 66825463
631648 36923858
554119 73416508
451084 70307634
413522 11512953
749431 63510703
583498 48340981
145959 3865008
177166 92230976
906918 31091617
479648 62587620
562919 38052287
813013 4555031
371257 61965271
304977 67748215
84603 79706348
771732 59019867
395479 83882168
489681 95408600
145733 19660006
623193 92639177
215850 48408364
891584 9716895
409869 59009717
437362 59336234
188670 15127458
300307 37694216
192224 2301606
525081 9037910
115462 58421102
361602 84179658
351648 42525367
628119 63262792
373548 34270593
68052 90543327
719782 32462632
853105 12983383
921830 52778131
724696 72256079
922182 12582638
200745 22004363
901730 74573595
288827 95001313
771041 68098659
76220 61794981
662418 34145079
161301 73200908
146990 59061683
493058 58402292
113000 68122654
891023 32689230
816895 41291383
169862 3651153
47512 8791898
352850 11891331
261209 11303225
103477 15918237
795850 38295526
380923 3217082
758540 75806507
952475 849700
797148 65523030
557730 38794545
23649 90495299
59888 82066704
221804 46048878
861246 37532680
795359 93676313
678820 9455733
258072 8762977
301777 89215184
438831 59415926
476467 85076961
357610 52391574
457896 66005238
98195 5642342
149351 63355529
211227 25162691
101183 9090724
671971 81270954
738957 11588268
793746 50939653
832400 60012111
165164 95141685
600851 14252770
427344 19656975
203985 51277806
278891 68652158
485952 91603046
194638 99329608
95251 17813579
685286 49230727
573296 31285253
547121 67761422
523330 63296847
599055 88838823
637325 91320674
655968 2480698
829912 72704985
6285 42439083
603567 70741955
866745 81682341
256797 5942468
275668 9626827
856437 58959322
885883 18979880
551494 50693484
954205 70795135
741679 77430550
246212 38514346
555834 17587799
70719 60029038
250649 2702997
528951 29715245
778095 76741723
229120 44454962
430597 26030680
33194 86915315
70017 41888366
933868 29326731
180264 4509865
820391 83749192
344013 863840
65337 36049514
138578 54746177
715878 4567885
443950 17887745
578329 16700069
18130 68146271
246963 97126522
917758 60195616
527863 24677564
826026 10758160
397615 76168981
186586 36729162
180989 30856073
438604 40676613
976191 87697238
739967 76804197
493957 76737711
185379 16662686
38773 94721386
617302 67520329
371084 57596094
998096 42696978
639613 54185660
