10
36 21 40 92 44 35 12 82 11 30
63 1 86 29 27 5 80 10 87 72
38 95 42 60 15 70 32 26 99 13
4 84 66 59 50 49 89 53 34 28
94 33 98 91 85 22 47 19 18 56
25 6 52 77 64 68 2 39 71 75
58 45 76 57 78 7 74 20 67 37
97 90 48 100 65 41 54 93 96 16
14 23 17 69 43 83 55 81 61 62
46 73 3 51 79 31 8 24 88 9
99999907
10 6 3 2 8 5 1 4 9 7
6 1 8 2 10 3 5 7 9 4
2 9 10 4 3 5 6 1 7 8
7 9 4 5 8 10 3 2 6 1
8 9 5 10 7 4 2 3 6 1
9 6 7 5 10 2 1 8 4 3
4 10 1 8 2 9 6 7 5 3
5 7 6 9 2 3 10 1 8 4
8 5 6 3 2 4 10 1 9 7
10 9 4 8 2 5 1 3 6 7
