10
53 65 76 11 59 27 13 62 18 7
83 60 36 42 8 1 54 49 84 97
96 86 26 67 99 30 48 58 45 73
95 44 80 61 41 6 93 87 5 32
56 71 31 57 16 22 37 14 39 66
77 33 51 69 63 50 29 88 38 35
17 78 81 79 28 90 74 2 21 85
43 3 55 68 10 98 40 24 19 23
64 4 12 91 89 94 70 34 100 72
92 9 46 82 47 75 15 25 52 20
99999982
8 10 5 3 7 6 4 2 9 1
2 7 1 3 9 6 8 5 10 4
6 5 3 7 8 10 9 1 2 4
6 4 9 10 3 2 7 5 8 1
7 10 1 3 2 4 5 9 8 6
4 5 2 6 9 10 1 3 7 8
7 5 10 2 9 3 4 8 6 1
9 8 2 4 3 1 5 6 10 7
6 10 4 8 3 1 2 9 5 7
5 3 2 7 8 1 4 6 10 9
