10
46 62 83 5 54 59 67 42 35 72
6 40 66 22 53 71 70 60 100 87
3 98 52 13 37 86 18 1 12 27
63 29 68 11 8 97 36 81 56 2
34 4 57 31 7 90 30 84 14 76
15 58 92 48 43 28 19 80 21 51
26 94 33 47 91 78 32 79 85 77
82 17 45 99 38 61 9 50 23 64
49 39 95 69 16 44 55 65 88 96
89 41 74 24 20 73 75 10 25 93
99999987
10 7 3 6 1 9 8 5 2 4
2 1 9 5 10 6 4 7 8 3
4 3 6 9 2 7 10 5 8 1
10 6 2 5 4 7 1 3 9 8
3 10 8 7 2 9 4 5 1 6
2 8 1 5 3 10 9 4 6 7
5 10 9 2 7 8 1 3 6 4
8 1 4 3 9 10 6 5 7 2
1 8 5 2 4 7 10 9 6 3
9 1 7 3 10 5 2 6 8 4
