10
31 85 25 65 90 56 64 9 32 54
52 26 72 62 92 45 82 89 61 94
79 22 23 84 83 66 29 48 4 88
47 80 44 17 98 53 87 43 60 58
30 1 78 18 73 28 11 20 77 2
69 36 97 74 16 70 67 49 40 35
50 38 13 51 14 37 57 99 71 33
41 81 12 91 86 42 96 24 68 19
34 46 100 75 95 63 10 21 6 93
39 76 27 59 7 15 3 5 55 8
99999979
9 4 5 8 7 2 6 10 3 1
6 1 3 2 7 8 4 10 5 9
10 9 5 2 7 8 1 3 6 4
2 1 5 6 4 9 8 10 7 3
3 2 1 6 8 10 9 4 5 7
9 6 3 1 7 2 10 8 4 5
3 2 5 4 6 8 7 10 9 1
4 2 8 3 10 9 7 6 5 1
9 10 3 5 1 7 6 8 4 2
7 9 5 4 8 1 6 3 10 2
