10
87 76 41 92 17 11 94 74 42 61
25 81 89 22 39 28 85 33 71 65
15 4 32 31 38 16 43 7 12 6
14 98 30 80 5 36 86 49 51 77
52 13 23 67 50 54 2 18 95 45
34 8 53 63 70 20 82 66 48 46
78 62 69 75 55 79 73 88 9 27
96 99 1 93 19 90 97 21 100 40
10 56 26 35 68 57 58 91 3 60
37 64 29 83 47 84 59 72 44 24
100000000
2 4 6 3 7 9 8 10 5 1
3 5 1 10 9 6 7 4 2 8
9 5 8 1 6 3 10 2 7 4
2 8 1 10 9 6 5 3 7 4
3 4 10 8 9 5 7 2 1 6
10 3 2 9 8 4 1 6 5 7
2 5 10 9 8 7 1 3 4 6
9 4 10 1 6 7 2 8 5 3
7 10 3 9 6 4 5 2 1 8
8 9 2 5 4 10 7 3 6 1
