10
54 13 90 26 18 47 23 80 6 70
98 35 64 61 96 79 89 92 30 50
46 86 4 36 84 39 21 81 27 31
53 29 73 68 58 15 77 22 1 75
57 55 34 8 91 37 19 38 88 72
42 41 44 52 66 7 100 40 12 95
11 2 65 17 59 78 14 87 16 62
45 48 71 10 51 20 69 67 24 85
49 97 56 93 94 32 3 63 25 28
5 74 83 99 76 9 33 60 82 43
100000000
5 4 3 6 10 9 8 2 1 7
3 2 6 5 7 10 9 1 4 8
7 1 5 2 8 9 10 4 6 3
5 3 8 10 6 4 9 2 7 1
7 6 3 8 5 4 10 9 1 2
6 10 3 4 5 8 2 1 9 7
10 2 3 4 8 1 9 5 7 6
3 4 8 6 10 5 9 2 7 1
10 4 7 1 2 3 8 6 5 9
7 5 2 9 3 8 4 10 6 1
