10
14 38 51 57 23 99 28 87 6 35
39 63 81 2 27 40 20 7 78 61
44 71 48 77 68 46 21 50 74 32
75 62 52 83 92 37 3 96 94 79
53 55 4 72 15 70 64 13 10 17
9 56 93 82 66 22 100 31 24 1
45 16 67 41 54 98 43 29 60 36
19 90 42 47 11 5 8 73 91 86
34 30 76 85 33 26 80 58 65 59
25 18 84 69 88 49 89 12 97 95
100000000
5 6 4 2 9 10 7 8 1 3
8 1 5 3 9 6 7 4 2 10
5 3 2 8 6 1 4 7 10 9
1 7 9 8 10 5 6 3 2 4
7 1 10 5 9 4 2 3 8 6
9 4 7 8 5 3 2 1 10 6
7 3 9 5 2 8 10 6 1 4
3 7 8 10 1 5 6 2 9 4
9 6 7 2 8 5 4 1 10 3
6 5 1 2 3 10 4 8 9 7
