10
60 29 45 97 47 80 9 19 1 53
88 84 82 15 12 10 2 64 33 71
23 98 73 21 67 89 81 99 69 70
38 25 44 17 83 56 42 40 18 68
7 43 63 20 87 55 85 93 72 48
51 13 14 62 57 92 8 95 24 49
50 22 66 5 26 46 59 61 65 4
77 79 28 41 58 86 11 39 94 34
78 76 31 52 35 32 91 90 16 74
100 27 96 37 75 36 6 54 30 3
100000000
9 8 10 7 1 6 3 4 2 5
10 1 5 2 7 8 6 4 3 9
3 4 7 5 9 1 6 2 8 10
9 1 10 3 6 4 5 8 7 2
7 10 1 3 8 5 4 9 2 6
1 7 3 4 2 10 9 5 6 8
3 2 6 4 1 8 9 7 5 10
1 7 2 3 5 10 4 6 8 9
6 3 8 2 9 1 5 10 7 4
6 2 5 8 3 1 7 10 9 4
